\begin{tabular}{llllll}
Length & Cyclomatic & Quantity & Potential Volume & Operator Diversity & Level \\ 
\hline 
1 & 0.89 & 0.85 & 0.91 & 0.83 & -0.69 \\ 
0.89 & 1 & 0.75 & 0.7 & 0.67 & -0.86 \\ 
0.85 & 0.75 & 1 & 0.8 & 0.69 & -0.65 \\ 
0.91 & 0.7 & 0.8 & 1 & 0.86 & -0.39 \\ 
0.83 & 0.67 & 0.69 & 0.86 & 1 & -0.45 \\ 
-0.69 & -0.86 & -0.65 & -0.39 & -0.45 & 1 \\ 
\hline 
\end{tabular}